-0.0019083969465648887, -0.0008264462809921547
0.05534351145038169, -0.03553719008264489
0.06297709923664122, -0.04421487603305807
0.07251908396946563, -0.050000000000000266
0.10305343511450382, -0.06446280991735565
0.1698473282442748, -0.09917355371900838
0.2824427480916031, -0.15702479338843012
0.45419847328244267, -0.21198347107438043
0.49809160305343514, -0.20619834710743823
0.616412213740458, -0.13388429752066155
0.7328244274809159, 0.0049586776859502635
0.8511450381679387, 0.2305785123966939
0.9541984732824426, 0.6876033057851236
0.961832061068702, 0.7338842975206609
0.9694656488549619, 0.7859504132231402
0.9790076335877863, 0.8409090909090906
0.9999999999999999, 0.9999999999999997
