 -4.900000E-01  -1.369396E-02
 -4.700000E-01  -2.616040E-02
 -4.500000E-01  -3.775750E-02
 -4.300000E-01  -4.866345E-02
 -4.100000E-01  -5.902964E-02
 -3.900000E-01  -6.898352E-02
 -3.700000E-01  -7.863051E-02
 -3.500000E-01  -8.805500E-02
 -3.300000E-01  -9.732054E-02
 -3.100000E-01  -1.064696E-01
 -2.900000E-01  -1.155228E-01
 -2.700000E-01  -1.244779E-01
 -2.500000E-01  -1.333086E-01
 -2.300000E-01  -1.419639E-01
 -2.100000E-01  -1.503673E-01
 -1.900000E-01  -1.584167E-01
 -1.700000E-01  -1.659856E-01
 -1.500000E-01  -1.729250E-01
 -1.300000E-01  -1.790660E-01
 -1.100000E-01  -1.842249E-01
 -9.000000E-02  -1.882087E-01
 -7.000000E-02  -1.908218E-01
 -5.000000E-02  -1.918744E-01
 -3.000000E-02  -1.911904E-01
 -1.000000E-02  -1.886164E-01
  1.000000E-02  -1.840287E-01
  3.000000E-02  -1.773405E-01
  5.000000E-02  -1.685057E-01
  7.000000E-02  -1.575206E-01
  9.000000E-02  -1.444225E-01
  1.100000E-01  -1.292847E-01
  1.300000E-01  -1.122069E-01
  1.500000E-01  -9.330243E-02
  1.700000E-01  -7.268072E-02
  1.900000E-01  -5.042491E-02
  2.100000E-01  -2.656423E-02
  2.300000E-01  -1.040097E-03
  2.500000E-01   2.633493E-02
  2.700000E-01   5.592570E-02
  2.900000E-01   8.832916E-02
  3.100000E-01   1.244309E-01
  3.300000E-01   1.654532E-01
  3.500000E-01   2.129774E-01
  3.700000E-01   2.689118E-01
  3.900000E-01   3.353679E-01
  4.100000E-01   4.144031E-01
  4.300000E-01   5.075946E-01
  4.500000E-01   6.154358E-01
  4.700000E-01   7.366092E-01
  4.900000E-01   8.672828E-01
