 -4.900000E-01  -1.378685E-02
 -4.700000E-01  -2.633593E-02
 -4.500000E-01  -3.800780E-02
 -4.300000E-01  -4.898153E-02
 -4.100000E-01  -5.940910E-02
 -3.900000E-01  -6.941834E-02
 -3.700000E-01  -7.911485E-02
 -3.500000E-01  -8.858304E-02
 -3.300000E-01  -9.788642E-02
 -3.100000E-01  -1.070673E-01
 -2.900000E-01  -1.161461E-01
 -2.700000E-01  -1.251205E-01
 -2.500000E-01  -1.339642E-01
 -2.300000E-01  -1.426264E-01
 -2.100000E-01  -1.510307E-01
 -1.900000E-01  -1.590759E-01
 -1.700000E-01  -1.666364E-01
 -1.500000E-01  -1.735642E-01
 -1.300000E-01  -1.796922E-01
 -1.100000E-01  -1.848383E-01
 -9.000000E-02  -1.888112E-01
 -7.000000E-02  -1.914171E-01
 -5.000000E-02  -1.924677E-01
 -3.000000E-02  -1.917880E-01
 -1.000000E-02  -1.892248E-01
  1.000000E-02  -1.846544E-01
  3.000000E-02  -1.779888E-01
  5.000000E-02  -1.691802E-01
  7.000000E-02  -1.582228E-01
  9.000000E-02  -1.451513E-01
  1.100000E-01  -1.300365E-01
  1.300000E-01  -1.129759E-01
  1.500000E-01  -9.408098E-02
  1.700000E-01  -7.345941E-02
  1.900000E-01  -5.119247E-02
  2.100000E-01  -2.730639E-02
  2.300000E-01  -1.737027E-03
  2.500000E-01   2.571299E-02
  2.700000E-01   5.542461E-02
  2.900000E-01   8.801840E-02
  3.100000E-01   1.244104E-01
  3.300000E-01   1.658560E-01
  3.500000E-01   2.139624E-01
  3.700000E-01   2.706398E-01
  3.900000E-01   3.379545E-01
  4.100000E-01   4.178477E-01
  4.300000E-01   5.116939E-01
  4.500000E-01   6.197106E-01
  4.700000E-01   7.402941E-01
  4.900000E-01   8.694558E-01
