 -4.900000E-01  -1.359718E-02
 -4.700000E-01  -2.610800E-02
 -4.500000E-01  -3.774277E-02
 -4.300000E-01  -4.868058E-02
 -4.100000E-01  -5.907353E-02
 -3.900000E-01  -6.904965E-02
 -3.700000E-01  -7.871483E-02
 -3.500000E-01  -8.815383E-02
 -3.300000E-01  -9.743057E-02
 -3.100000E-01  -1.065879E-01
 -2.900000E-01  -1.156467E-01
 -2.700000E-01  -1.246051E-01
 -2.500000E-01  -1.334374E-01
 -2.300000E-01  -1.420932E-01
 -2.100000E-01  -1.504965E-01
 -1.900000E-01  -1.585462E-01
 -1.700000E-01  -1.661167E-01
 -1.500000E-01  -1.730598E-01
 -1.300000E-01  -1.792078E-01
 -1.100000E-01  -1.843781E-01
 -9.000000E-02  -1.883782E-01
 -7.000000E-02  -1.910134E-01
 -5.000000E-02  -1.920940E-01
 -3.000000E-02  -1.914440E-01
 -1.000000E-02  -1.889090E-01
  1.000000E-02  -1.843645E-01
  3.000000E-02  -1.777218E-01
  5.000000E-02  -1.689328E-01
  7.000000E-02  -1.579917E-01
  9.000000E-02  -1.449334E-01
  1.100000E-01  -1.298291E-01
  1.300000E-01  -1.127767E-01
  1.500000E-01  -9.388824E-02
  1.700000E-01  -7.327220E-02
  1.900000E-01  -5.101089E-02
  2.100000E-01  -2.713236E-02
  2.300000E-01  -1.575790E-03
  2.500000E-01   2.585055E-02
  2.700000E-01   5.551873E-02
  2.900000E-01   8.803657E-02
  3.100000E-01   1.243037E-01
  3.300000E-01   1.655578E-01
  3.500000E-01   2.133914E-01
  3.700000E-01   2.697109E-01
  3.900000E-01   3.366013E-01
  4.100000E-01   4.160554E-01
  4.300000E-01   5.095391E-01
  4.500000E-01   6.173949E-01
  4.700000E-01   7.381486E-01
  4.900000E-01   8.678853E-01
